5615177132314422633773357162745162431525676654244
3267264525243146732426452751117735114367736135564
5567677424317316341375132412513142672235447665562
1244222777766333252764114517362555561153634761434
1237746355635527711264543264277234316156542714613
7333517612323765574675366421224576154612423741541
1572362745245613347132362476322511366541445775671
7631122413757731512747215564243665335734642625416
3672376732113341242644365621775552267547341416515
4451724641542135777256733362665223215476151164337
5471521771336733317447245165341567564223142626265
5257456331744217563263343324255762414167576121716
2655345537631275461431227772314621734464231557166
4745335623417162157354717246267625644133361525172
1572775326154752631632552441121743376146346423675
3732412125634676135452366422675271134436541155777
6174577657144612222721334776213532656415335415643
7764175544417375612325526542317265366113146234723
4414132771517233564527525366573743162163726526441
4647536226725643223371113447514751374571663552261
